asdf 
26377 
random 
random 
random 
random 
random 
random 
random 
random 
random 
random 
random 
random 
random 
random 
random 
random 
random 
random 
random 
random 
random 
random 
random 
random 
random 
random 
random 
random 
random 
16338 
16338 
16338 
16338 
16338 
16338 
12156 
12156 
12156 
12156 
12156 
12156 
12156 
12156 
12156 
3269 
3269 
3269 
11403 
11403 
11403 
11403 
11403 
11403 
11403 
11403 
11403 
11403 
11403 
11403 
11403 
11403 
11403 
11403 
11403 
11403 
11403 
11403 
11403 
11403 
16694 
16694 
16694 
16694 
16694 
16694 
16694 
16694 
16694 
16694 
16694 
16694 
16694 
16694 
16694 
5716 
5716 
5716 
5716 
5716 
5716 
5716 
5716 
5716 
5716 
5716 
5716 
8622 
8622 
8622 
8622 
8622 
8622 
4440 
4440 
4440 
4440 
4440 
4440 
4440 
4440 
4440 
4440 
4440 
4440 
4440 
4440 
4440 
4440 
4440 
4440 
29952 
29952 
29952 
29952 
29952 
29952 
29952 
29952 
29952 
29952 
29952 
29952 
29952 
ECHO is off.
ECHO is off.
ECHO is off.
ECHO is off.
ECHO is off.
ECHO is off.
ECHO is off.
ECHO is off.
ECHO is off.
ECHO is on.
ECHO is on.
ECHO is on.
ECHO is on.
ECHO is on.
%14394% 
%14394% 
%14394% 
%14394% 
%14394% 
11257 
11257 
11257 
11257 
11257 
11257 
11257 
11257 
11257 
11257 
11257 
11257 
11257 
11257 
11257 
11257 
11257 
11257 
11257 
11257 
11257 
11257 
11257 
11257 
11257 
11257 
11257 
11257 
11257 
11257 
11257 
11257 
11257 
11257 
11257 
11257 
11257 
11257 
11257 
11257 
11257 
11257 
11257 
11257 
11257 
11257 
11257 
11257 
11257 
11257 
11257 
11257 
11257 
11257 
11257 
11257 
11257 
11257 
11257 
11257 
11257 
11257 
11257 
11257 
11257 
11257 
11257 
11257 
11257 
11257 
11257 
11257 
11257 
11257 
11257 
11257 
11257 
11257 
11257 
11257 
11257 
11257 
11257 
11257 
11257 
11257 
11257 
11257 
11257 
11257 
11257 
11257 
11257 
11257 
11257 
11257 
11257 
11257 
11257 
11257 
237 
237 
20323 
20323 
20323 
20323 
20323 
20323 
20323 
20323 
20323 
20323 
20323 
20323 
20323 
20323 
20323 
20323 
20323 
20323 
20323 
20323 
20323 
20323 
20323 
20323 
20323 
20323 
20323 
20323 
20323 
20323 
20323 
20323 
20323 
20323 
20323 
20323 
20323 
20323 
20323 
20323 
20323 
20323 
20323 
20323 
20323 
20323 
20323 
20323 
20323 
20323 
20323 
20323 
20323 
20323 
20323 
20323 
20323 
20323 
20323 
20323 
20323 
20323 
20323 
20323 
20323 
20323 
20323 
20323 
20323 
20323 
20323 
20323 
20323 
20323 
20323 
20323 
20323 
20323 
20323 
20323 
20323 
20323 
20323 
20323 
20323 
20323 
20323 
20323 
20323 
20323 
20323 
20323 
20323 
20323 
20323 
20323 
20323 
20323 
20323 
20323 
13686 
13686 
13686 
13686 
13686 
13686 
13686 
13686 
13686 
13686 
13686 
13686 
13686 
13686 
13686 
13686 
13686 
13686 
13686 
13686 
13686 
13686 
13686 
13686 
13686 
13686 
13686 
13686 
13686 
13686 
13686 
13686 
13686 
13686 
13686 
13686 
13686 
13686 
13686 
13686 
13686 
13686 
13686 
13686 
13686 
13686 
13686 
13686 
13686 
13686 
13686 
13686 
13686 
13686 
13686 
13686 
13686 
13686 
13686 
13686 
13686 
13686 
13686 
13686 
13686 
13686 
13686 
13686 
13686 
13686 
13686 
13686 
13686 
13686 
13686 
13686 
13686 
13686 
13686 
13686 
13686 
13686 
13686 
13686 
13686 
13686 
13686 
13686 
13686 
13686 
13686 
13686 
13686 
13686 
13686 
13686 
13686 
13686 
13686 
13686 
607 
607 
607 
607 
607 
607 
607 
607 
607 
607 
607 
607 
607 
607 
607 
607 
607 
607 
607 
607 
607 
607 
607 
607 
3487 
3487 
3487 
3487 
3487 
3487 
3487 
5119 
5119 
5119 
12730 
12730 
12730 
12730 
12730 
12730 
12730 
12730 
12730 
12730 
12730 
12730 
12730 
12730 
12730 
12730 
12730 
12730 
12730 
12730 
12730 
12730 
12730 
12730 
12730 
12730 
12730 
12730 
12730 
12730 
12730 
12730 
12730 
12730 
12730 
12730 
12730 
12730 
12730 
12730 
12730 
12730 
12730 
12730 
12730 
12730 
12730 
12730 
12730 
12730 
12730 
12730 
12730 
12730 
12730 
12730 
12730 
12730 
12730 
12730 
12730 
12730 
12730 
12730 
12730 
12730 
12730 
12730 
12730 
12730 
12730 
12730 
12730 
12730 
12730 
12730 
12730 
12730 
12730 
12730 
12730 
12730 
12730 
12730 
12730 
12730 
12730 
12730 
12730 
12730 
12730 
12730 
12730 
12730 
12730 
12730 
12730 
12730 
12730 
12730 
29484 
29484 
29484 
29484 
29484 
29484 
29484 
29484 
29484 
29484 
29484 
29484 
29484 
29484 
29484 
29484 
29484 
29484 
29484 
29484 
29484 
29484 
29484 
29484 
29484 
29484 
29484 
29484 
29484 
29484 
29484 
29484 
29484 
29484 
29484 
29484 
29484 
29484 
29484 
29484 
29484 
29484 
29484 
29484 
29484 
29484 
29484 
29484 
29484 
29484 
29484 
29484 
29484 
29484 
29484 
29484 
29484 
29484 
29484 
29484 
29484 
